-- Carrega a Rayfield UI
local Rayfield = loadstring(game:HttpGet('https://sirius.menu/rayfield'))()

-- Cria a Janela principal
local Window = Rayfield:CreateWindow({
    Name = "P3dr0Poles UTG",
    LoadingTitle = "P3dr0Poles UTG V1",
    LoadingSubtitle = "By PEDROOPSSS",
    ConfigurationSaving = {
        Enabled = true,
        FolderName = "P3dr0PolesUTG", -- Pasta onde salva configs
        FileName = "Config"
    },
    Discord = {
        Enabled = false,
        Invite = "",
        RememberJoins = false
    },
    KeySystem = false,
})

---------------------------------------------------------------------
-- ABA 1: TOOLS
---------------------------------------------------------------------
local ToolsTab = Window:CreateTab("Tools 🔧", 4483362458) -- Ícone opcional

ToolsTab:CreateButton({
    Name = "Cortex",
    Callback = function()
        --noob fix xd by kent
player = game:GetService("Players").LocalPlayer
char = player.Character
mouse = player:GetMouse()
attack = false
local makeorb = false
idleq = false
local skl = false
local healingmode = false
parts = {}
poses = {}
sizes = {}
local obj3, TARG10, TARG11, STARG, lastdg, dg, dgm, lastdf, df, dfm = nil, nil, nil, nil, nil, nil, nil, nil, nil, nil
local basicunlocked = false
mc = Instance.new("NumberValue", char)
mc.Name = "CloanTime"
mc.Value = 0
ht = Instance.new("NumberValue", char)
ht.Name = "HealingTime"
ht.Value = 6
stun = Instance.new("BoolValue", char)
stun.Name = "Stunned"
stun.Value = false
atk = Instance.new("NumberValue", char)
atk.Name = "Attack"
atk.Value = 1
def = Instance.new("NumberValue", char)
def.Name = "Defense"
def.Value = 1.1
spd = Instance.new("NumberValue", char)
spd.Name = "Speed"
spd.Value = 1
deft = Instance.new("NumberValue", char)
deft.Name = "DefenseTime"
deft.Value = 0
atkt = Instance.new("NumberValue", char)
atkt.Name = "AttackTime"
atkt.Value = 0
spdt = Instance.new("NumberValue", char)
spdt.Name = "SpeedTime"
spdt.Value = 0
posd = Instance.new("BoolValue", char)
posd.Name = "Posioned"
posd.Value = false
pt = Instance.new("NumberValue", char)
pt.Name = "PoisonTime"
pt.Value = 0
bl = Instance.new("BoolValue", char)
bl.Name = "Blocking"
bl.Value = false
bll = Instance.new("BoolValue", char)
bll.Name = "BlockingLabel"
bll.Value = false
blt = Instance.new("NumberValue", char)
blt.Name = "BlockingLeft"
blt.Value = 50
pb = Instance.new("BoolValue", char)
pb.Name = "PauseBlock"
pb.Value = false
blm = 100
gd = Instance.new("BoolValue", char)
gd.Name = "Ground"
local TARG7, obj, TARG8, obj2 = nil, nil, nil, nil
for i,v in pairs(char:GetChildren()) do
  if v.ClassName == "Weld" then
    v:destroy()
  end
  if v.ClassName == "Model" then
    v:Destroy()
  end
end
for i,v in pairs(player.PlayerGui:GetChildren()) do
  if v.Name == "UI" then
    v:Destroy()
  end
end
for i,v in pairs(char.Head:GetChildren()) do
  if v.ClassName == "Sound" then
    v:Destroy()
  end
end
            local m = Instance.new("Model")
            m.Name = "Cortex"
            p1 = Instance.new("Part", m)
            p1.BrickColor = BrickColor.new("Bright orange")
            p1.Name = "P1"
            p1.CFrame = CFrame.new(74.4850006, 0.896979809, -80.3010025, 0.0250819121, -0.998309731, 0.0522681326, -0.86434716, -0.0479167439, -0.500589728, 0.502244949, -0.032613717, -0.864100158)
            p1.CanCollide = false
            p1.FormFactor = Enum.FormFactor.Custom
            p1.Size = Vector3.new(0.200000003, 0.200000003, 0.200000003)
            p1.BackSurface = Enum.SurfaceType.SmoothNoOutlines
            p1.BottomSurface = Enum.SurfaceType.SmoothNoOutlines
            p1.FrontSurface = Enum.SurfaceType.SmoothNoOutlines
            p1.LeftSurface = Enum.SurfaceType.SmoothNoOutlines
            p1.RightSurface = Enum.SurfaceType.SmoothNoOutlines
            p1.TopSurface = Enum.SurfaceType.SmoothNoOutlines
            b1 = Instance.new("BlockMesh", p1)
            b1.Name = "Mesh"
            b1.Scale = Vector3.new(0.40061301, 0.40061307, 0.40061301)
            p2 = Instance.new("Part", m)
            p2.BrickColor = BrickColor.new("Br. yellowish orange")
            p2.Name = "P2"
            p2.CFrame = CFrame.new(74.4646378, 1.25767887, -80.2053528, 0.0524596013, -0.998304963, -0.0248665046, -0.500721753, -0.0478316285, 0.864275277, -0.864011943, -0.0328799896, -0.502379239)
            p2.CanCollide = false
            p2.FormFactor = Enum.FormFactor.Custom
            p2.Size = Vector3.new(0.200000003, 0.200000003, 0.200000003)
            p2.BackSurface = Enum.SurfaceType.SmoothNoOutlines
            p2.BottomSurface = Enum.SurfaceType.SmoothNoOutlines
            p2.FrontSurface = Enum.SurfaceType.SmoothNoOutlines
            p2.LeftSurface = Enum.SurfaceType.SmoothNoOutlines
            p2.RightSurface = Enum.SurfaceType.SmoothNoOutlines
            p2.TopSurface = Enum.SurfaceType.SmoothNoOutlines
            b2 = Instance.new("BlockMesh", p2)
            b2.Name = "Mesh"
            b2.Scale = Vector3.new(0.40061301, 0.40061307, 0.40061301)
            p3 = Instance.new("Part", m)
            p3.BrickColor = BrickColor.new("Bright orange")
            p3.Name = "P3"
            p3.CFrame = CFrame.new(74.4763031, 1.09725058, -80.3280258, 0.0546606034, -0.998306096, 0.0195044391, -0.965169787, -0.0478129238, 0.257183164, -0.255825788, -0.0328745358, -0.966154933)
            p3.CanCollide = false
            p3.FormFactor = Enum.FormFactor.Custom
            p3.Size = Vector3.new(0.200000003, 0.200000003, 0.200000003)
            p3.BackSurface = Enum.SurfaceType.SmoothNoOutlines
            p3.BottomSurface = Enum.SurfaceType.SmoothNoOutlines
            p3.FrontSurface = Enum.SurfaceType.SmoothNoOutlines
            p3.LeftSurface = Enum.SurfaceType.SmoothNoOutlines
            p3.RightSurface = Enum.SurfaceType.SmoothNoOutlines
            p3.TopSurface = Enum.SurfaceType.SmoothNoOutlines
            b3 = Instance.new("BlockMesh", p3)
            b3.Name = "Mesh"
            b3.Scale = Vector3.new(0.40061301, 0.40061307, 0.40061301)
            p4 = Instance.new("Part", m)
            p4.BrickColor = BrickColor.new("Br. yellowish orange")
            p4.Name = "P4"
            p4.CFrame = CFrame.new(74.4558029, 1.21352983, -79.8729706, 0.0331627764, -0.998302519, -0.0477015413, -0.00155824434, -0.0477707312, 0.99884814, -0.999440432, -0.0330418944, -0.00313103222)
            p4.CanCollide = false
            p4.FormFactor = Enum.FormFactor.Custom
            p4.Size = Vector3.new(0.200000003, 0.240367845, 0.721103489)
            p4.BackSurface = Enum.SurfaceType.SmoothNoOutlines
            p4.BottomSurface = Enum.SurfaceType.SmoothNoOutlines
            p4.FrontSurface = Enum.SurfaceType.SmoothNoOutlines
            p4.LeftSurface = Enum.SurfaceType.SmoothNoOutlines
            p4.RightSurface = Enum.SurfaceType.SmoothNoOutlines
            p4.TopSurface = Enum.SurfaceType.SmoothNoOutlines
            b4 = Instance.new("BlockMesh", p4)
            b4.Name = "Mesh"
            b4.Scale = Vector3.new(0.80122602, 1, 1)
            p5 = Instance.new("Part", m)
            p5.BrickColor = BrickColor.new("Br. yellowish orange")
            p5.Name = "P5"
            p5.CFrame = CFrame.new(74.4283676, 1.6955595, -79.7407761, -0.998334646, 0.024735868, -0.0519541278, -0.0474555828, -0.864426851, 0.500495851, -0.0325219966, 0.502124786, 0.864173353)
            p5.CanCollide = false
            p5.FormFactor = Enum.FormFactor.Custom
            p5.Size = Vector3.new(0.200000003, 0.200000003, 0.200000003)
            p5.BackSurface = Enum.SurfaceType.SmoothNoOutlines
            p5.BottomSurface = Enum.SurfaceType.SmoothNoOutlines
            p5.FrontSurface = Enum.SurfaceType.SmoothNoOutlines
            p5.LeftSurface = Enum.SurfaceType.SmoothNoOutlines
            p5.RightSurface = Enum.SurfaceType.SmoothNoOutlines
            p5.TopSurface = Enum.SurfaceType.SmoothNoOutlines
            b5 = Instance.new("BlockMesh", p5)
            b5.Name = "Mesh"
            b5.Scale = Vector3.new(0.40061301, 0.40061307, 0.40061301)
            p6 = Instance.new("Part", m)
            p6.BrickColor = BrickColor.new("Br. yellowish orange")
            p6.Name = "P6"
            p6.CFrame = CFrame.new(74.4612656, 1.28415167, -80.1418076, 0.0443101786, -0.998302639, -0.0375729874, -0.260042369, -0.0478305817, 0.964402497, -0.964573622, -0.0329539329, -0.26171425)
            p6.CanCollide = false
            p6.FormFactor = Enum.FormFactor.Custom
            p6.Size = Vector3.new(0.200000003, 0.200000003, 0.200000003)
            p6.BackSurface = Enum.SurfaceType.SmoothNoOutlines
            p6.BottomSurface = Enum.SurfaceType.SmoothNoOutlines
            p6.FrontSurface = Enum.SurfaceType.SmoothNoOutlines
            p6.LeftSurface = Enum.SurfaceType.SmoothNoOutlines
            p6.RightSurface = Enum.SurfaceType.SmoothNoOutlines
            p6.TopSurface = Enum.SurfaceType.SmoothNoOutlines
            b6 = Instance.new("BlockMesh", p6)
            b6.Name = "Mesh"
            b6.Scale = Vector3.new(0.40061301, 0.40061307, 0.40061301)
            p7 = Instance.new("Part", m)
            p7.BrickColor = BrickColor.new("Br. yellowish orange")
            p7.Name = "P7"
            p7.CFrame = CFrame.new(74.5116653, 1.13120699, -81.4558029, -0.047846213, -0.998299301, -0.0330535844, 0.998841882, -0.0479081944, 0.00134743063, -0.00291989627, -0.0329424888, 0.999444366)
            p7.CanCollide = false
            p7.FormFactor = Enum.FormFactor.Custom
            p7.Size = Vector3.new(0.200000003, 0.200000003, 0.200000003)
            p7.BackSurface = Enum.SurfaceType.SmoothNoOutlines
            p7.BottomSurface = Enum.SurfaceType.SmoothNoOutlines
            p7.FrontSurface = Enum.SurfaceType.SmoothNoOutlines
            p7.LeftSurface = Enum.SurfaceType.SmoothNoOutlines
            p7.RightSurface = Enum.SurfaceType.SmoothNoOutlines
            p7.TopSurface = Enum.SurfaceType.SmoothNoOutlines
            b7 = Instance.new("BlockMesh", p7)
            b7.Name = "Mesh"
            b7.Scale = Vector3.new(0.40061301, 0.801226139, 0.40061301)
            p8 = Instance.new("Part", m)
            p8.BrickColor = BrickColor.new("Br. yellowish orange")
            p8.Name = "P8"
            p8.CFrame = CFrame.new(74.5073547, 1.37105012, -81.6752472, 0.0477833003, -0.998318195, 0.0325690359, -0.998844683, -0.0478465706, -0.00143165409, 0.0029787838, -0.0324546471, -0.999460161)
            p8.CanCollide = false
            p8.FormFactor = Enum.FormFactor.Custom
            p8.Size = Vector3.new(0.200000003, 0.200000003, 0.200000003)
            p8.BackSurface = Enum.SurfaceType.SmoothNoOutlines
            p8.BottomSurface = Enum.SurfaceType.SmoothNoOutlines
            p8.FrontSurface = Enum.SurfaceType.SmoothNoOutlines
            p8.LeftSurface = Enum.SurfaceType.SmoothNoOutlines
            p8.RightSurface = Enum.SurfaceType.SmoothNoOutlines
            p8.TopSurface = Enum.SurfaceType.SmoothNoOutlines
            b8 = Instance.new("BlockMesh", p8)
            b8.Name = "Mesh"
            b8.Scale = Vector3.new(0.40061301, 0.801226139, 0.40061301)
            p9 = Instance.new("Part", m)
            p9.BrickColor = BrickColor.new("Br. yellowish orange")
            p9.Name = "P9"
            p9.CFrame = CFrame.new(74.293251, 1.23596191, -74.9483643, 0.0331627764, -0.998302519, -0.0477015413, -0.00155824434, -0.0477707312, 0.99884814, -0.999440432, -0.0330418944, -0.00313103222)
            p9.CanCollide = false
            p9.FormFactor = Enum.FormFactor.Custom
            p9.Size = Vector3.new(0.200000003, 0.200000003, 0.200000003)
            p9.BackSurface = Enum.SurfaceType.SmoothNoOutlines
            p9.BottomSurface = Enum.SurfaceType.SmoothNoOutlines
            p9.FrontSurface = Enum.SurfaceType.SmoothNoOutlines
            p9.LeftSurface = Enum.SurfaceType.SmoothNoOutlines
            p9.RightSurface = Enum.SurfaceType.SmoothNoOutlines
            p9.TopSurface = Enum.SurfaceType.SmoothNoOutlines
            b9 = Instance.new("BlockMesh", p9)
            b9.Name = "Mesh"
            b9.Scale = Vector3.new(0.40061301, 0.640980899, 0.40061301)
            p10 = Instance.new("Part", m)
            p10.BrickColor = BrickColor.new("Bright orange")
            p10.Name = "P10"
            p10.CFrame = CFrame.new(74.2423935, 1.30802619, -74.7262878, 0.0546606034, -0.998306096, 0.0195044391, -0.965169787, -0.0478129238, 0.257183164, -0.255825788, -0.0328745358, -0.966154933)
            p10.CanCollide = false
            p10.FormFactor = Enum.FormFactor.Custom
            p10.Size = Vector3.new(0.200000003, 0.200000003, 0.240367845)
            p10.BackSurface = Enum.SurfaceType.SmoothNoOutlines
            p10.BottomSurface = Enum.SurfaceType.SmoothNoOutlines
            p10.FrontSurface = Enum.SurfaceType.SmoothNoOutlines
            p10.LeftSurface = Enum.SurfaceType.SmoothNoOutlines
            p10.RightSurface = Enum.SurfaceType.SmoothNoOutlines
            p10.TopSurface = Enum.SurfaceType.SmoothNoOutlines
            b10 = Instance.new("SpecialMesh", p10)
            b10.MeshType = Enum.MeshType.Wedge
            b10.Name = "Mesh"
            b10.Scale = Vector3.new(0.80122602, 0.40061307, 1)
            p11 = Instance.new("Part", m)
            p11.BrickColor = BrickColor.new("Reddish brown")
            p11.Name = "Handle"
            p11.CFrame = CFrame.new(74.4855194, 1.25221145, -80.8340607, 0.998325169, -0.0328403264, 0.0474501625, 0.0475116409, 0.0013576051, -0.998860717, 0.0327301435, 0.999451339, 0.00290685217)
            p11.FormFactor = Enum.FormFactor.Custom
            p11.Size = Vector3.new(0.240367815, 1.76269746, 0.240367845)
            p11.BackSurface = Enum.SurfaceType.SmoothNoOutlines
            p11.BottomSurface = Enum.SurfaceType.SmoothNoOutlines
            p11.FrontSurface = Enum.SurfaceType.SmoothNoOutlines
            p11.LeftSurface = Enum.SurfaceType.SmoothNoOutlines
            p11.RightSurface = Enum.SurfaceType.SmoothNoOutlines
            p11.TopSurface = Enum.SurfaceType.SmoothNoOutlines
            b11 = Instance.new("CylinderMesh", p11)
            b11.Name = "Mesh"
            p12 = Instance.new("Part", m)
            p12.BrickColor = BrickColor.new("Br. yellowish orange")
            p12.Name = "P12"
            p12.CFrame = CFrame.new(74.3949356, 1.1679045, -77.9511261, 0.0331627764, -0.998302519, -0.0477015413, -0.00155824434, -0.0477707312, 0.99884814, -0.999440432, -0.0330418944, -0.00313103222)
            p12.CanCollide = false
            p12.FormFactor = Enum.FormFactor.Custom
            p12.Size = Vector3.new(3.68563962, 0.200000003, 0.200000003)
            p12.BackSurface = Enum.SurfaceType.SmoothNoOutlines
            p12.BottomSurface = Enum.SurfaceType.SmoothNoOutlines
            p12.FrontSurface = Enum.SurfaceType.SmoothNoOutlines
            p12.LeftSurface = Enum.SurfaceType.SmoothNoOutlines
            p12.RightSurface = Enum.SurfaceType.SmoothNoOutlines
            p12.TopSurface = Enum.SurfaceType.SmoothNoOutlines
            b12 = Instance.new("BlockMesh", p12)
            b12.Name = "Mesh"
            b12.Scale = Vector3.new(1, 0.640980899, 0.40061301)
            p13 = Instance.new("Part", m)
            p13.BrickColor = BrickColor.new("Br. yellowish orange")
            p13.Name = "P66"
            p13.CFrame = CFrame.new(74.3665009, 1.35283399, -77.3510208, 0.0331627727, -0.998302579, -0.0477015376, -0.00155824423, -0.0477707386, 0.998848021, -0.999440372, -0.0330418944, -0.00313103199)
            p13.CanCollide = false
            p13.FormFactor = Enum.FormFactor.Custom
            p13.Size = Vector3.new(5.04772425, 0.200000003, 0.240367845)
            p13.BackSurface = Enum.SurfaceType.SmoothNoOutlines
            p13.BottomSurface = Enum.SurfaceType.SmoothNoOutlines
            p13.FrontSurface = Enum.SurfaceType.SmoothNoOutlines
            p13.LeftSurface = Enum.SurfaceType.SmoothNoOutlines
            p13.RightSurface = Enum.SurfaceType.SmoothNoOutlines
            p13.TopSurface = Enum.SurfaceType.SmoothNoOutlines
            b13 = Instance.new("BlockMesh", p13)
            b13.Name = "Mesh"
            b13.Scale = Vector3.new(1, 0.640980899, 1)
            p14 = Instance.new("Part", m)
            p14.BrickColor = BrickColor.new("Bright orange")
            p14.Name = "P14"
            p14.CFrame = CFrame.new(74.3404083, 1.09644794, -74.9578629, -0.0408099443, 0.998314857, -0.0410502069, 0.17482619, 0.04757661, 0.983440042, 0.98374635, 0.032949131, -0.176466092)
            p14.CanCollide = false
            p14.FormFactor = Enum.FormFactor.Custom
            p14.Size = Vector3.new(0.200000003, 0.200000003, 0.240367845)
            p14.BackSurface = Enum.SurfaceType.SmoothNoOutlines
            p14.BottomSurface = Enum.SurfaceType.SmoothNoOutlines
            p14.FrontSurface = Enum.SurfaceType.SmoothNoOutlines
            p14.LeftSurface = Enum.SurfaceType.SmoothNoOutlines
            p14.RightSurface = Enum.SurfaceType.SmoothNoOutlines
            p14.TopSurface = Enum.SurfaceType.SmoothNoOutlines
            b14 = Instance.new("SpecialMesh", p14)
            b14.MeshType = Enum.MeshType.Wedge
            b14.Name = "Mesh"
            b14.Scale = Vector3.new(0.80122602, 0.40061307, 1)
            p15 = Instance.new("Part", m)
            p15.BrickColor = BrickColor.new("Br. yellowish orange")
            p15.Name = "P15"
            p15.CFrame = CFrame.new(74.518837, 1.13096368, -81.6745529, 0.0477833003, -0.998318195, 0.0325690359, -0.998844683, -0.0478465706, -0.00143165409, 0.0029787838, -0.0324546471, -0.999460161)
            p15.CanCollide = false
            p15.FormFactor = Enum.FormFactor.Custom
            p15.Size = Vector3.new(0.200000003, 0.200000003, 0.200000003)
            p15.BackSurface = Enum.SurfaceType.SmoothNoOutlines
            p15.BottomSurface = Enum.SurfaceType.SmoothNoOutlines
            p15.FrontSurface = Enum.SurfaceType.SmoothNoOutlines
            p15.LeftSurface = Enum.SurfaceType.SmoothNoOutlines
            p15.RightSurface = Enum.SurfaceType.SmoothNoOutlines
            p15.TopSurface = Enum.SurfaceType.SmoothNoOutlines
            b15 = Instance.new("BlockMesh", p15)
            b15.Name = "Mesh"
            b15.Scale = Vector3.new(0.40061301, 0.801226139, 0.40061301)
            p16 = Instance.new("Part", m)
            p16.BrickColor = BrickColor.new("Bright orange")
            p16.Name = "P16"
            p16.CFrame = CFrame.new(74.3224258, 1.31191719, -74.7236786, -0.0547425598, 0.998297811, 0.019693315, 0.965134799, 0.0478394888, 0.257309258, 0.25593999, 0.0330841243, -0.966117382)
            p16.CanCollide = false
            p16.FormFactor = Enum.FormFactor.Custom
            p16.Size = Vector3.new(0.200000003, 0.200000003, 0.240367845)
            p16.BackSurface = Enum.SurfaceType.SmoothNoOutlines
            p16.BottomSurface = Enum.SurfaceType.SmoothNoOutlines
            p16.FrontSurface = Enum.SurfaceType.SmoothNoOutlines
            p16.LeftSurface = Enum.SurfaceType.SmoothNoOutlines
            p16.RightSurface = Enum.SurfaceType.SmoothNoOutlines
            p16.TopSurface = Enum.SurfaceType.SmoothNoOutlines
            b16 = Instance.new("SpecialMesh", p16)
            b16.MeshType = Enum.MeshType.Wedge
            b16.Name = "Mesh"
            b16.Scale = Vector3.new(0.80122602, 0.40061307, 1)
            p17 = Instance.new("Part", m)
            p17.BrickColor = BrickColor.new("Br. yellowish orange")
            p17.Name = "P17"
            p17.CFrame = CFrame.new(74.4683762, 1.21568036, -80.259903, 0.0571767092, -0.998301923, -0.0103862695, -0.707385659, -0.0478431173, 0.705194473, -0.704506218, -0.0329656862, -0.708920002)
            p17.CanCollide = false
            p17.FormFactor = Enum.FormFactor.Custom
            p17.Size = Vector3.new(0.200000003, 0.200000003, 0.200000003)
            p17.BackSurface = Enum.SurfaceType.SmoothNoOutlines
            p17.BottomSurface = Enum.SurfaceType.SmoothNoOutlines
            p17.FrontSurface = Enum.SurfaceType.SmoothNoOutlines
            p17.LeftSurface = Enum.SurfaceType.SmoothNoOutlines
            p17.RightSurface = Enum.SurfaceType.SmoothNoOutlines
            p17.TopSurface = Enum.SurfaceType.SmoothNoOutlines
            b17 = Instance.new("BlockMesh", p17)
            b17.Name = "Mesh"
            b17.Scale = Vector3.new(0.40061301, 0.40061307, 0.40061301)
            p18 = Instance.new("Part", m)
            p18.BrickColor = BrickColor.new("Br. yellowish orange")
            p18.Transparency = 1
            p18.Name = "P65"
            p18.CFrame = CFrame.new(74.4222488, 1.69581449, -79.5537949, -0.99832958, 0.0574649423, -0.0043799039, -0.0476420708, -0.865793467, -0.498110175, -0.0324076116, -0.497081518, 0.867088437)
            p18.CanCollide = false
            p18.FormFactor = Enum.FormFactor.Custom
            p18.Size = Vector3.new(0.200000003, 0.200000003, 0.200000003)
            p18.BackSurface = Enum.SurfaceType.SmoothNoOutlines
            p18.BottomSurface = Enum.SurfaceType.SmoothNoOutlines
            p18.FrontSurface = Enum.SurfaceType.SmoothNoOutlines
            p18.LeftSurface = Enum.SurfaceType.SmoothNoOutlines
            p18.RightSurface = Enum.SurfaceType.SmoothNoOutlines
            p18.TopSurface = Enum.SurfaceType.SmoothNoOutlines
            b18 = Instance.new("BlockMesh", p18)
            b18.Name = "Mesh"
            b18.Scale = Vector3.new(0.40061301, 0.40061307, 0.40061301)
            p19 = Instance.new("Part", m)
            p19.BrickColor = BrickColor.new("Bright orange")
            p19.Name = "P19"
            p19.CFrame = CFrame.new(74.3157806, 1.43817937, -74.7073364, -0.047846213, 0.998305321, 0.0328707919, 0.998841882, 0.0479079448, -0.00135614304, -0.00291983667, 0.0327594876, -0.999450326)
            p19.CanCollide = false
            p19.FormFactor = Enum.FormFactor.Custom
            p19.Size = Vector3.new(0.200000003, 0.200000003, 0.240367845)
            p19.BackSurface = Enum.SurfaceType.SmoothNoOutlines
            p19.BottomSurface = Enum.SurfaceType.SmoothNoOutlines
            p19.FrontSurface = Enum.SurfaceType.SmoothNoOutlines
            p19.LeftSurface = Enum.SurfaceType.SmoothNoOutlines
            p19.RightSurface = Enum.SurfaceType.SmoothNoOutlines
            p19.TopSurface = Enum.SurfaceType.SmoothNoOutlines
            b19 = Instance.new("SpecialMesh", p19)
            b19.MeshType = Enum.MeshType.Wedge
            b19.Name = "Mesh"
            b19.Scale = Vector3.new(0.80122602, 0.40061307, 1)
            p20 = Instance.new("Part", m)
            p20.BrickColor = BrickColor.new("Bright orange")
            p20.Name = "P20"
            p20.CFrame = CFrame.new(74.482811, 0.960588753, -80.327652, 0.0376285762, -0.99831003, 0.0440947786, -0.964450777, -0.0478217751, -0.259864569, 0.261527956, -0.0327405669, -0.964631498)
            p20.CanCollide = false
            p20.FormFactor = Enum.FormFactor.Custom
            p20.Size = Vector3.new(0.200000003, 0.200000003, 0.200000003)
            p20.BackSurface = Enum.SurfaceType.SmoothNoOutlines
            p20.BottomSurface = Enum.SurfaceType.SmoothNoOutlines
            p20.FrontSurface = Enum.SurfaceType.SmoothNoOutlines
            p20.LeftSurface = Enum.SurfaceType.SmoothNoOutlines
            p20.RightSurface = Enum.SurfaceType.SmoothNoOutlines
            p20.TopSurface = Enum.SurfaceType.SmoothNoOutlines
            b20 = Instance.new("BlockMesh", p20)
            b20.Name = "Mesh"
            b20.Scale = Vector3.new(0.40061301, 0.40061307, 0.40061301)
            p21 = Instance.new("Part", m)
            p21.BrickColor = BrickColor.new("Bright orange")
            p21.Name = "P64"
            p21.CFrame = CFrame.new(74.4723816, 1.16090846, -80.3017731, 0.0579402298, -0.998300374, 0.00467805378, -0.865818024, -0.0479083695, 0.498040795, -0.496982932, -0.0328980386, -0.867126048)
            p21.CanCollide = false
            p21.FormFactor = Enum.FormFactor.Custom
            p21.Size = Vector3.new(0.200000003, 0.200000003, 0.200000003)
            p21.BackSurface = Enum.SurfaceType.SmoothNoOutlines
            p21.BottomSurface = Enum.SurfaceType.SmoothNoOutlines
            p21.FrontSurface = Enum.SurfaceType.SmoothNoOutlines
            p21.LeftSurface = Enum.SurfaceType.SmoothNoOutlines
            p21.RightSurface = Enum.SurfaceType.SmoothNoOutlines
            p21.TopSurface = Enum.SurfaceType.SmoothNoOutlines
            b21 = Instance.new("BlockMesh", p21)
            b21.Name = "Mesh"
            b21.Scale = Vector3.new(0.40061301, 0.40061307, 0.40061301)
            p22 = Instance.new("Part", m)
            p22.BrickColor = BrickColor.new("Br. yellowish orange")
            p22.Name = "P63"
            p22.CFrame = CFrame.new(74.3594208, 1.47329617, -77.3113251, 0.0331627764, -0.998302519, -0.0477015413, -0.00155824434, -0.0477707312, 0.99884814, -0.999440432, -0.0330418944, -0.00313103222)
            p22.CanCollide = false
            p22.FormFactor = Enum.FormFactor.Custom
            p22.Size = Vector3.new(4.9676013, 0.200000003, 0.200000003)
            p22.BackSurface = Enum.SurfaceType.SmoothNoOutlines
            p22.BottomSurface = Enum.SurfaceType.SmoothNoOutlines
            p22.FrontSurface = Enum.SurfaceType.SmoothNoOutlines
            p22.LeftSurface = Enum.SurfaceType.SmoothNoOutlines
            p22.RightSurface = Enum.SurfaceType.SmoothNoOutlines
            p22.TopSurface = Enum.SurfaceType.SmoothNoOutlines
            b22 = Instance.new("BlockMesh", p22)
            b22.Name = "Mesh"
            b22.Scale = Vector3.new(1, 0.801226139, 0.40061301)
            p23 = Instance.new("Part", m)
            p23.BrickColor = BrickColor.new("Bright orange")
            p23.Name = "P23"
            p23.CFrame = CFrame.new(74.2357559, 1.43437028, -74.7099991, 0.0477872491, -0.998318255, 0.0325632654, -0.998844862, -0.0478465483, -0.00130974781, 0.00285680452, -0.0324547142, -0.999460518)
            p23.CanCollide = false
            p23.FormFactor = Enum.FormFactor.Custom
            p23.Size = Vector3.new(0.200000003, 0.200000003, 0.240367845)
            p23.BackSurface = Enum.SurfaceType.SmoothNoOutlines
            p23.BottomSurface = Enum.SurfaceType.SmoothNoOutlines
            p23.FrontSurface = Enum.SurfaceType.SmoothNoOutlines
            p23.LeftSurface = Enum.SurfaceType.SmoothNoOutlines
            p23.RightSurface = Enum.SurfaceType.SmoothNoOutlines
            p23.TopSurface = Enum.SurfaceType.SmoothNoOutlines
            b23 = Instance.new("SpecialMesh", p23)
            b23.MeshType = Enum.MeshType.Wedge
            b23.Name = "Mesh"
            b23.Scale = Vector3.new(0.80122602, 0.40061307, 1)
            p24 = Instance.new("Part", m)
            p24.BrickColor = BrickColor.new("Br. yellowish orange")
            p24.Name = "P24"
            p24.CFrame = CFrame.new(74.4876328, 0.80141902, -80.2416992, 0.0524596013, -0.998304963, -0.0248665046, -0.500721753, -0.0478316285, 0.864275277, -0.864011943, -0.0328799896, -0.502379239)
            p24.CanCollide = false
            p24.FormFactor = Enum.FormFactor.Custom
            p24.Size = Vector3.new(0.240367815, 0.240367845, 0.200000003)
            p24.BackSurface = Enum.SurfaceType.SmoothNoOutlines
            p24.BottomSurface = Enum.SurfaceType.SmoothNoOutlines
            p24.FrontSurface = Enum.SurfaceType.SmoothNoOutlines
            p24.LeftSurface = Enum.SurfaceType.SmoothNoOutlines
            p24.RightSurface = Enum.SurfaceType.SmoothNoOutlines
            p24.TopSurface = Enum.SurfaceType.SmoothNoOutlines
            b24 = Instance.new("BlockMesh", p24)
            b24.Name = "Mesh"
            b24.Scale = Vector3.new(1, 1, 0.801226139)
            p25 = Instance.new("Part", m)
            p25.BrickColor = BrickColor.new("Bright orange")
            p25.Name = "P25"
            p25.CFrame = CFrame.new(74.2489777, 1.20300317, -74.7749939, 0.0581113175, -0.998301685, -0.000360328704, -0.819068611, -0.0478758439, 0.571678638, -0.570737362, -0.0329175182, -0.820462048)
            p25.CanCollide = false
            p25.FormFactor = Enum.FormFactor.Custom
            p25.Size = Vector3.new(0.200000003, 0.200000003, 0.240367845)
            p25.BackSurface = Enum.SurfaceType.SmoothNoOutlines
            p25.BottomSurface = Enum.SurfaceType.SmoothNoOutlines
            p25.FrontSurface = Enum.SurfaceType.SmoothNoOutlines
            p25.LeftSurface = Enum.SurfaceType.SmoothNoOutlines
            p25.RightSurface = Enum.SurfaceType.SmoothNoOutlines
            p25.TopSurface = Enum.SurfaceType.SmoothNoOutlines
            b25 = Instance.new("SpecialMesh", p25)
            b25.MeshType = Enum.MeshType.Wedge
            b25.Name = "Mesh"
            b25.Scale = Vector3.new(0.80122602, 0.40061307, 1)
            p26 = Instance.new("Part", m)
            p26.BrickColor = BrickColor.new("Br. yellowish orange")
            p26.Name = "RAY"
            p26.CFrame = CFrame.new(74.3758087, 1.20065057, -77.3905945, 0.0331627764, -0.998302519, -0.0477015413, -0.00155824434, -0.0477707312, 0.99884814, -0.999440432, -0.0330418944, -0.00313103222)
            p26.CanCollide = false
            p26.FormFactor = Enum.FormFactor.Custom
            p26.Size = Vector3.new(4.80735636, 0.200000003, 0.200000003)
            p26.BackSurface = Enum.SurfaceType.SmoothNoOutlines
            p26.BottomSurface = Enum.SurfaceType.SmoothNoOutlines
            p26.FrontSurface = Enum.SurfaceType.SmoothNoOutlines
            p26.LeftSurface = Enum.SurfaceType.SmoothNoOutlines
            p26.RightSurface = Enum.SurfaceType.SmoothNoOutlines
            p26.TopSurface = Enum.SurfaceType.SmoothNoOutlines
            b26 = Instance.new("BlockMesh", p26)
            b26.Name = "Mesh"
            b26.Scale = Vector3.new(1, 0.640980899, 0.40061301)
            p27 = Instance.new("Part", m)
            p27.BrickColor = BrickColor.new("Br. yellowish orange")
            p27.Name = "P27"
            p27.CFrame = CFrame.new(74.4763412, 0.896838307, -80.0377121, 0.0473471135, -0.998302162, -0.0336809494, -0.343099177, -0.047912471, 0.93806684, -0.938099384, -0.0328505039, -0.344780028)
            p27.CanCollide = false
            p27.FormFactor = Enum.FormFactor.Custom
            p27.Size = Vector3.new(0.240367815, 0.240367845, 0.200000003)
            p27.BackSurface = Enum.SurfaceType.SmoothNoOutlines
            p27.BottomSurface = Enum.SurfaceType.SmoothNoOutlines
            p27.FrontSurface = Enum.SurfaceType.SmoothNoOutlines
            p27.LeftSurface = Enum.SurfaceType.SmoothNoOutlines
            p27.RightSurface = Enum.SurfaceType.SmoothNoOutlines
            p27.TopSurface = Enum.SurfaceType.SmoothNoOutlines
            b27 = Instance.new("BlockMesh", p27)
            b27.Name = "Mesh"
            b27.Scale = Vector3.new(1, 1, 0.801226139)
            p28 = Instance.new("Part", m)
            p28.BrickColor = BrickColor.new("Br. yellowish orange")
            p28.Name = "P28"
            p28.CFrame = CFrame.new(74.4585876, 1.29327106, -80.0734253, 0.0331607275, -0.998304665, -0.0476598851, -0.00151514332, -0.0477276258, 0.998850226, -0.99944061, -0.0330420434, -0.00308647985)
            p28.CanCollide = false
            p28.FormFactor = Enum.FormFactor.Custom
            p28.Size = Vector3.new(0.200000003, 0.200000003, 0.200000003)
            p28.BackSurface = Enum.SurfaceType.SmoothNoOutlines
            p28.BottomSurface = Enum.SurfaceType.SmoothNoOutlines
            p28.FrontSurface = Enum.SurfaceType.SmoothNoOutlines
            p28.LeftSurface = Enum.SurfaceType.SmoothNoOutlines
            p28.RightSurface = Enum.SurfaceType.SmoothNoOutlines
            p28.TopSurface = Enum.SurfaceType.SmoothNoOutlines
            b28 = Instance.new("BlockMesh", p28)
            b28.Name = "Mesh"
            b28.Scale = Vector3.new(0.40061301, 0.40061307, 0.40061301)
            p29 = Instance.new("Part", m)
            p29.BrickColor = BrickColor.new("Bright orange")
            p29.Name = "P29"
            p29.CFrame = CFrame.new(74.454628, 1.22144091, -79.8730316, 0.0331627764, -0.998302519, -0.0477015413, -0.00155824434, -0.0477707312, 0.99884814, -0.999440432, -0.0330418944, -0.00313103222)
            p29.CanCollide = false
            p29.FormFactor = Enum.FormFactor.Custom
            p29.Size = Vector3.new(0.200000003, 0.32049045, 0.640980899)
            p29.BackSurface = Enum.SurfaceType.SmoothNoOutlines
            p29.BottomSurface = Enum.SurfaceType.SmoothNoOutlines
            p29.FrontSurface = Enum.SurfaceType.SmoothNoOutlines
            p29.LeftSurface = Enum.SurfaceType.SmoothNoOutlines
            p29.RightSurface = Enum.SurfaceType.SmoothNoOutlines
            p29.TopSurface = Enum.SurfaceType.SmoothNoOutlines
            b29 = Instance.new("BlockMesh", p29)
            b29.Name = "Mesh"
            b29.Scale = Vector3.new(0.40061301, 1, 1)
            p30 = Instance.new("Part", m)
            p30.BrickColor = BrickColor.new("Br. yellowish orange")
            p30.Name = "P30"
            p30.CFrame = CFrame.new(74.4193573, 1.1349299, -78.6716156, 0.0331627764, -0.998302519, -0.0477015413, -0.00155824434, -0.0477707312, 0.99884814, -0.999440432, -0.0330418944, -0.00313103222)
            p30.CanCollide = false
            p30.FormFactor = Enum.FormFactor.Custom
            p30.Size = Vector3.new(2.243433, 0.200000003, 0.200000003)
            p30.BackSurface = Enum.SurfaceType.SmoothNoOutlines
            p30.BottomSurface = Enum.SurfaceType.SmoothNoOutlines
            p30.FrontSurface = Enum.SurfaceType.SmoothNoOutlines
            p30.LeftSurface = Enum.SurfaceType.SmoothNoOutlines
            p30.RightSurface = Enum.SurfaceType.SmoothNoOutlines
            p30.TopSurface = Enum.SurfaceType.SmoothNoOutlines
            b30 = Instance.new("BlockMesh", p30)
            b30.Name = "Mesh"
            b30.Scale = Vector3.new(1, 0.640980899, 0.40061301)
            p31 = Instance.new("Part", m)
            p31.BrickColor = BrickColor.new("Bright orange")
            p31.Name = "P31"
            p31.CFrame = CFrame.new(74.3461914, 1.07678747, -75.106041, -0.0371449776, 0.998314679, -0.0443998799, 0.0883789733, 0.0475296788, 0.994943321, 0.995386481, 0.0330247842, -0.0899875611)
            p31.CanCollide = false
            p31.FormFactor = Enum.FormFactor.Custom
            p31.Size = Vector3.new(0.200000003, 0.200000003, 0.240367845)
            p31.BackSurface = Enum.SurfaceType.SmoothNoOutlines
            p31.BottomSurface = Enum.SurfaceType.SmoothNoOutlines
            p31.FrontSurface = Enum.SurfaceType.SmoothNoOutlines
            p31.LeftSurface = Enum.SurfaceType.SmoothNoOutlines
            p31.RightSurface = Enum.SurfaceType.SmoothNoOutlines
            p31.TopSurface = Enum.SurfaceType.SmoothNoOutlines
            b31 = Instance.new("SpecialMesh", p31)
            b31.MeshType = Enum.MeshType.Wedge
            b31.Name = "Mesh"
            b31.Scale = Vector3.new(0.80122602, 0.40061307, 1)
            p32 = Instance.new("Part", m)
            p32.BrickColor = BrickColor.new("Br. yellowish orange")
            p32.Name = "P32"
            p32.CFrame = CFrame.new(74.5144348, 1.25105679, -81.7149429, 0.0331627764, -0.998302519, -0.0477015413, -0.00155824434, -0.0477707312, 0.99884814, -0.999440432, -0.0330418944, -0.00313103222)
            p32.CanCollide = false
            p32.FormFactor = Enum.FormFactor.Custom
            p32.Size = Vector3.new(0.200000003, 0.32049045, 0.32049045)
            p32.BackSurface = Enum.SurfaceType.SmoothNoOutlines
            p32.BottomSurface = Enum.SurfaceType.SmoothNoOutlines
            p32.FrontSurface = Enum.SurfaceType.SmoothNoOutlines
            p32.LeftSurface = Enum.SurfaceType.SmoothNoOutlines
            p32.RightSurface = Enum.SurfaceType.SmoothNoOutlines
            p32.TopSurface = Enum.SurfaceType.SmoothNoOutlines
            b32 = Instance.new("BlockMesh", p32)
            b32.Name = "Mesh"
            b32.Scale = Vector3.new(0.80122602, 1, 1)
            p33 = Instance.new("Part", m)
            p33.BrickColor = BrickColor.new("Br. yellowish orange")
            p33.Name = "P33"
            p33.CFrame = CFrame.new(74.4974442, 1.4659605, -81.511467, 0.00499837659, -0.998306513, -0.0578139275, 0.49804318, -0.047639817, 0.86583221, -0.867123663, -0.0331132412, 0.496973723)
            p33.CanCollide = false
            p33.FormFactor = Enum.FormFactor.Custom
            p33.Size = Vector3.new(0.200000003, 0.200000003, 0.200000003)
            p33.BackSurface = Enum.SurfaceType.SmoothNoOutlines
            p33.BottomSurface = Enum.SurfaceType.SmoothNoOutlines
            p33.FrontSurface = Enum.SurfaceType.SmoothNoOutlines
            p33.LeftSurface = Enum.SurfaceType.SmoothNoOutlines
            p33.RightSurface = Enum.SurfaceType.SmoothNoOutlines
            p33.TopSurface = Enum.SurfaceType.SmoothNoOutlines
            b33 = Instance.new("BlockMesh", p33)
            b33.Name = "Mesh"
            b33.Scale = Vector3.new(0.40061301, 0.801226139, 0.40061301)
            p34 = Instance.new("Part", m)
            p34.BrickColor = BrickColor.new("Bright orange")
            p34.Name = "P34"
            p34.CFrame = CFrame.new(74.3349228, 1.13621974, -74.8491211, -0.0524816141, 0.998312116, -0.0245321598, 0.500629246, 0.047549706, 0.864344478, 0.864064336, 0.0330723301, -0.502276599)
            p34.CanCollide = false
            p34.FormFactor = Enum.FormFactor.Custom
            p34.Size = Vector3.new(0.200000003, 0.200000003, 0.240367845)
            p34.BackSurface = Enum.SurfaceType.SmoothNoOutlines
            p34.BottomSurface = Enum.SurfaceType.SmoothNoOutlines
            p34.FrontSurface = Enum.SurfaceType.SmoothNoOutlines
            p34.LeftSurface = Enum.SurfaceType.SmoothNoOutlines
            p34.RightSurface = Enum.SurfaceType.SmoothNoOutlines
            p34.TopSurface = Enum.SurfaceType.SmoothNoOutlines
            b34 = Instance.new("SpecialMesh", p34)
            b34.MeshType = Enum.MeshType.Wedge
            b34.Name = "Mesh"
            b34.Scale = Vector3.new(0.80122602, 0.40061307, 1)
            p35 = Instance.new("Part", m)
            p35.BrickColor = BrickColor.new("Br. yellowish orange")
            p35.Name = "P35"
            p35.CFrame = CFrame.new(74.5204849, 1.02183568, -81.5648575, -0.0327107832, -0.998305142, 0.0479601398, 0.00157983182, -0.0480287634, -0.998835742, 0.999455273, -0.0325885825, 0.00313943322)
            p35.CanCollide = false
            p35.FormFactor = Enum.FormFactor.Custom
            p35.Size = Vector3.new(0.200000003, 0.200000003, 0.200000003)
            p35.BackSurface = Enum.SurfaceType.SmoothNoOutlines
            p35.BottomSurface = Enum.SurfaceType.SmoothNoOutlines
            p35.FrontSurface = Enum.SurfaceType.SmoothNoOutlines
            p35.LeftSurface = Enum.SurfaceType.SmoothNoOutlines
            p35.RightSurface = Enum.SurfaceType.SmoothNoOutlines
            p35.TopSurface = Enum.SurfaceType.SmoothNoOutlines
            b35 = Instance.new("BlockMesh", p35)
            b35.Name = "Mesh"
            b35.Scale = Vector3.new(0.40061301, 0.801226139, 0.40061301)
            p36 = Instance.new("Part", m)
            p36.BrickColor = BrickColor.new("Br. yellowish orange")
            p36.Name = "P36"
            p36.CFrame = CFrame.new(74.4320755, 1.65369916, -79.7905045, -0.9983325, 0.00546072423, -0.0573197752, -0.0474776067, -0.641084969, 0.765988171, -0.0325556472, 0.767433643, 0.640287757)
            p36.CanCollide = false
            p36.FormFactor = Enum.FormFactor.Custom
            p36.Size = Vector3.new(0.200000003, 0.200000003, 0.200000003)
            p36.BackSurface = Enum.SurfaceType.SmoothNoOutlines
            p36.BottomSurface = Enum.SurfaceType.SmoothNoOutlines
            p36.FrontSurface = Enum.SurfaceType.SmoothNoOutlines
            p36.LeftSurface = Enum.SurfaceType.SmoothNoOutlines
